[0.2706297  0.         0.         0.         0.21354914 0.
 0.09177645 0.         0.         0.         0.         0.
 0.         0.09613691 0.         0.         0.         0.
 0.         0.         0.         0.         0.         0.
 0.         0.         0.         0.         0.         0.
 0.         0.         0.14246666 0.         0.         0.
 0.         0.         0.         0.         0.         0.
 0.         0.         0.         0.18960455 0.         0.11935516
 0.13004126 0.         0.         0.         0.         0.
 0.         0.         0.         0.         0.         0.20124048
 0.         0.         0.         0.         0.         0.
 0.         0.         0.         0.         0.         0.
 0.         0.         0.         0.         0.         0.10239492
 0.         0.         0.         0.         0.         0.
 0.         0.         0.         0.         0.         0.
 0.         0.         0.13334313 0.         0.         0.
 0.         0.         0.         0.         0.         0.
 0.         0.         0.         0.         0.         0.
 0.         0.         0.         0.         0.         0.
 0.         0.         0.09149566 0.         0.         0.
 0.         0.         0.         0.         0.         0.
 0.         0.         0.         0.         0.         0.
 0.         0.         0.         0.         0.         0.
 0.         0.         0.20341249 0.         0.         0.
 0.         0.         0.         0.         0.         0.
 0.         0.         0.         0.         0.         0.
 0.         0.         0.         0.         0.         0.
 0.         0.         0.         0.         0.         0.
 0.         0.         0.         0.         0.         0.
 0.         0.         0.         0.         0.         0.
 0.         0.         0.         0.         0.         0.
 0.         0.         0.         0.         0.         0.
 0.         0.         0.         0.         0.         0.
 0.         0.         0.         0.         0.         0.
 0.         0.         0.         0.         0.         0.
 0.         0.         0.         0.         0.         0.
 0.         0.         0.         0.         0.         0.
 0.         0.         0.         0.         0.         0.
 0.         0.         0.         0.         0.         0.
 0.         0.         0.         0.         0.         0.
 0.         0.         0.         0.         0.         0.1129401
 0.         0.         0.         0.         0.         0.
 0.         0.         0.         0.         0.         0.
 0.         0.         0.         0.         0.         0.
 0.         0.         0.         0.         0.         0.
 0.         0.         0.         0.         0.         0.
 0.         0.         0.         0.         0.         0.01991862
 0.15992677 0.07582645 0.18649162 0.11018415 0.1054842  0.06958695
 0.10317354 0.11848433 0.04608031 0.07379812 0.14046487 0.14713101
 0.11109664 0.16875744 0.15623611 0.13690755 0.13608173 0.12508512
 0.1664396  0.10879862 0.12622419 0.12642625 0.05796755 0.08427671
 0.08572224 0.14615795 0.12428127 0.10926587 0.05808651 0.0995725
 0.09218512 0.07275648 0.10131063 0.1153643  0.06573014 0.10130827
 0.0806053  0.13124721 0.09474096 0.146154   0.09489486 0.15698478
 0.08858011 0.07853313 0.08808599 0.0964215  0.07290624 0.13109191
 0.09575227 0.15227821 0.13742316 0.18681173 0.12181483 0.0890139
 0.12023585 0.09011358 0.10292129 0.14306626 0.06682873 0.10237764
 0.0922818  0.16827796 0.1567831  0.18980545 0.20798557 0.26934457
 0.15838158 0.11627491 0.09152626 0.11245583 0.12495214 0.08105709
 0.0925889  0.07762738 0.12258498 0.09489334 0.11298484 0.13025346
 0.08375285 0.         0.         0.         0.         0.
 0.         0.         0.         0.         0.         0.
 0.         0.         0.         0.         0.         0.
 0.         0.         0.         0.         0.         0.
 0.         0.         0.         0.         0.         0.
 0.         0.         0.         0.         0.         0.
 0.         0.         0.         0.         0.         0.
 0.         0.         0.         0.         0.         0.
 0.         0.         0.         0.         0.         0.
 0.         0.         0.         0.         0.         0.
 0.         0.         0.         0.         0.         0.
 0.         0.         0.         0.         0.         0.
 0.         0.         0.         0.         0.         0.
 0.         0.         0.         0.         0.         0.
 0.         0.         0.         0.         0.         0.
 0.         0.         0.         0.         0.         0.
 0.         0.         0.         0.         0.         0.
 0.         0.         0.         0.         0.         0.
 0.         0.         0.         0.         0.         0.
 0.         0.         0.         0.         0.         0.
 0.         0.         0.         0.        ]